87000909321
87000909342
87000909339
87077120891
87479861972
87479754032
87475952020



87783466145
87759707755
87070555329
87088232090
87057567405

87774628032
87076711188
87760870191
87079500112
87075028530
87066020101
87764364040
87472240101
87472240101
87066766127
87066654505
87000472525
87080110212
87075359695
87774111181
87082955475
87073886151
87778571810 (отдел кредитования)
87076164707
87079348687
87066631590
87475660223
87074680035
87473900603
87076806537
87023679802
87477900707
87079161016
87768887977
87087072928
87020081717


87012641856
87775232458
87477123847
87000451219
87783785555
87757651113
87008000806
87716738622
87012349305
87011082590
87770914040
87778902722
87054137766
87076204408
87029413133
87718476617
87064099505
87075731001
87773086243
87053263155
87053263155
87056742676
87081735945
87023162235
87011184444
87081301846
87025726682
87011029999
87472350523
87471383710
87078473242
87077503034

87054152020



87072911696
87751313583
87073279189
87076406509
87056972378
87056972378
87478297584

87076644738
87075548344 (контакт-центр: пн-пт 10:30-17:00)

87471386629
87075212572
87074293160
87471322543
87071535552
87073234488


87018949707 (техническая поддержка)


87073755104

87074957703
87073619667



87073755104
87055500406

87479193721
87475898768

87717000102
87088167873
87067004040
87072553722
87051922825
87022533383
87780003038
87756592397
87712530235
87760219787
87760287688
87715760222
87471484097
87751512509
87007107444
87077241212
87027741535
87055625025
87079063805
87718303803
87012318241
87773164927
87750602022
87774477000
87076119090
87779070560
87751890482
87083207710
87083207710
87083207710
87475580814
87071472544
87025513778
87715786331
87000333777
87776668483
87756622666
87010245656
87757227456
87000982509
87068660005
87012880385
87780480480 (отдел новостроек)
87083462966
87001335672
87476705805
87477776321
87079727781
87058733720
87756995069
87472240303
87472240101 (контакт-центр)
87472240101 (контакт-центр)
87087745888
87474341203
87057454444

87787380492
87029088650
87088056812
87052970827
87006001022
87076628186
87082638341
87717927708
87072990347
87760036727
87074782394
87027718136
87021879726
87006869426
87715787052
87760206262
87714929579
87013686827
87757969951
87003200125
87474922270
87474922270
87713229317
87761510505
87472895034
87009280700 (контакт-центр)
87474758062
87086101704
87761705763
87773765161
87786690664 (отдел по ипотеке)
87757136998

87056427770
87770665577
87089246965
87474207668
87009399423
87754074507
87009096090 (колл-центр)
87088880066 (отдел продаж)
87476610494
87761050170
87001585292
87001585210
87001585297
87052606667

87478274877
87714057161
87770914040
87711038883
87026441221
87770153082
87779552254
87074698063
87477648544
87001110776
87015286935

87079130716
87471902375
87758234999
87024951618
87755509989
87079419191
87022834820
87477053000
87013704314
87075759707
87004824545
87085020459
87778757774
87024761479
87051209103
87782560673
87009296488
87026996982
87713345561
87773892920
87771777152
87016079564
87020512826
87059791629
87074243888
87716304719
87759693826
87474377673
87021039177
87001430040
87075644777
87472414416
87082937403
87711627046

87172797575
87172797575
87025242412
87027783113
87781769619
87072968178
87010134949
87027741535
87773086243
87717716600
87754522392
87001118885
87757425880
87079520059
87053322222
87022090759 (единый номер: пн-пт 9:30-19:30; сб 10:00-14:00)
87782591056
87775710792
87477772843
87052501002 (ипотечный брокер )
87775051275
87000277277
87007868685
87770101606
87788939329
87010630001
87717000102 (контакт центр: пн-пт 10:00-19:00; сб 11:00-19:00)
87717000104 (отдел продаж)
87716093379
87079595959 (контакт-центр)
87083393109 (старший менеджер)
87008080890
87473312831
87086984270
87478273436
87753578338
87071472544
87089037000
87079904363
87011008754
87757293432
87079320492
87075759706
87075023737

87212911300
87001335672
87024486303
87786734548
87472240101 (контакт-центр)
87053475771
87080110240
87085255672
87052776947
87470561280 (бесплатная консультация)
87716975034
87000209916
87472666096
87472666096
87765739250
87001500990
87716983900
87003229923
87082090646
87001585262
87001585299
87001585200
87001585277
87057833103
87084141641
87712632403
87086050376
87025848800
87754057725
87084360311
87085009005
87052512688
87767776600
87775749681
87084363002
87021445436
87081521483
87070302090

87079007373
87075807608
87716290164
87000277277
87000277277
87007868665
87009992147
87717000104 (отдел продаж)
87076219797
87073477038
